AVG = 123.164
STD_DEV = 19.4124
48
154
143
118
172
111
127
114
149
125
160
117
92
102
144
116
112
114
144
111
141
106
101
137
156
116
103
140
114
117
90
98
123
121
120
112
149
103
114
128
131
122
87
128
128
53
128
107
154
117
91
107
157
131
112
118
123
120
130
123
125
106
116
107
128
128
124
132
113
129
141
119
120
107
91
132
128
144
126
103
135
115
149
136
127
115
134
122
110
113
130
139
115
133
128
105
142
119
122
147
144
142
94
132
142
112
148
120
133
135
108
117
119
116
107
126
164
91
130
142
159
120
112
163
118
148
116
123
