length_avg = 6
runs = 10, Average = -15.7367, std_dev = 0.0121283
-30.1
-32
-32
-31
-31
-31
-31
-32
-30.8
-31
-31
-32
-31
-31
-31
-32
-31
-32
-32
-32
-32
-31
-31.2
-31
-32
-32
-32
-32
-32
-31
-31
-31
-32
-32
-32
-31
-32
-31
-31
-31.2
-31
-32
-31
-32
-31
-32
-31.3
-32
-30
-32
-32
-32
-32
-32
-31.9
-31.9
-31.9
-31
-31
-31
-31
-32
-31
-32
-32
-31
-32
-31
-32
-32
-32
-32
-31
-30.7
-31
-31
-30
-32
-31
-32
-31
-32
-31.5
-31
-31
-31
-32
-31
-32
-32
-32
-31
-32
-31.8
-31
-30.9
-31
-32
-32
-31
-30
-31
-30.1
-30
-30.6
-32
-32
-32
-31
-32
-31
-32
-31
-31.1
-31
-31
-31
-30.6
-31
-31
-31
-31
-32
-31
-32
-32
-32
-31
