Noise MCMS run:
NOISE = 0.0404687 +- 0.0287767
SUCCESS!
PASSED!
+0.330 +0.400 +0.390 +0.050 +0.230 -0.060 +0.220 +0.000 +0.150 -0.130 +0.260 -0.060 +0.230 +0.020 +0.070 +0.090 -0.220 -0.300 +0.310 -0.050 +0.090 +0.130 +0.130 +0.450 +0.380 +0.020 +0.040 +0.380 -0.080 -0.100 +0.020 +0.160 +0.040 +0.010 -0.040 -0.090 +0.150 -0.030 -0.290 +0.180 +0.000 +0.020 -0.010 -0.080 -0.040 +0.080 +0.090 +0.090 +0.340 +0.150 +0.000 +0.180 +0.140 +0.420 +0.040 -0.010 -0.060 +0.030 +0.110 +0.070 -0.030 +0.140 +0.140 -0.110 +0.030 +0.040 +0.070 +0.320 -0.120 +0.120 +0.220 -0.040 +0.020 +0.010 +0.160 +0.100 +0.110 +0.170 +0.050 +0.110 +0.220 -0.010 +0.140 +0.010 +0.030 -0.080 +0.040 -0.040 -0.200 -0.580 +0.270 +0.070 -0.020 +0.080 -0.150 +0.070 +0.320 +0.010 +0.050 +0.210 +0.050 +0.270 +0.330 +0.160 +0.010 +0.100 +0.330 -0.020 +0.050 +0.190 -0.060 -0.100 +0.100 -0.120 +0.050 -0.030 +0.320 +0.140 +0.130 +0.110 +0.420 +0.030 +0.070 +0.350 +0.030 +0.200 -0.060 -0.080 
+0.417 +0.276 +0.400 +0.263 +0.477 +0.324 +0.263 +0.494 +0.313 +0.336 +0.375 +0.466 +0.222 +0.357 +0.354 +0.387 +0.387 +0.310 +0.392 +0.328 +0.346 +0.470 +0.387 +0.264 +0.367 +0.470 +0.466 +0.357 +0.407 +0.296 +0.223 +0.466 +0.324 +0.384 +0.366 +0.316 +0.292 +0.444 +0.494 +0.400 +0.314 +0.242 +0.306 +0.171 +0.360 +0.400 +0.223 +0.438 +0.371 +0.328 +0.376 +0.343 +0.361 +0.367 +0.173 +0.282 +0.372 +0.438 +0.354 +0.354 +0.508 +0.255 +0.344 +0.263 +0.371 +0.375 +0.400 +0.330 +0.255 +0.371 +0.386 +0.310 +0.332 +0.314 +0.494 +0.347 +0.384 +0.374 +0.384 +0.474 +0.286 +0.349 +0.366 +0.314 +0.271 +0.360 +0.244 +0.245 +0.433 +0.454 +0.298 +0.409 +0.319 +0.314 +0.360 +0.314 +0.367 +0.282 +0.300 +0.306 +0.485 +0.242 +0.244 +0.485 +0.497 +0.336 +0.365 +0.377 +0.357 +0.484 +0.458 +0.438 +0.402 +0.292 +0.282 +0.421 +0.237 +0.439 +0.416 +0.357 +0.245 +0.414 +0.369 +0.466 +0.260 +0.488 +0.490 +0.470 
-10
20
000 000 000 000 000 000 000 000 000 013 082 005 000 000 000 000 000 000 000 000 
000 000 000 000 000 000 000 000 000 007 092 001 000 000 000 000 000 000 000 000 
000 000 000 000 000 000 000 000 000 000 080 020 000 000 000 000 000 000 000 000 
000 000 000 000 000 000 000 000 000 002 093 005 000 000 000 000 000 000 000 000 
000 000 000 000 000 000 000 000 000 000 065 035 000 000 000 000 000 000 000 000 
000 000 000 000 000 000 000 000 000 002 089 009 000 000 000 000 000 000 000 000 
000 000 000 000 000 000 000 000 000 002 093 005 000 000 000 000 000 000 000 000 
000 000 000 000 000 000 000 000 000 000 058 042 000 000 000 000 000 000 000 000 
000 000 000 000 000 000 000 000 000 000 089 011 000 000 000 000 000 000 000 000 
000 000 000 000 000 000 000 000 000 000 087 013 000 000 000 000 000 000 000 000 
000 000 000 000 000 000 000 000 000 001 084 015 000 000 000 000 000 000 000 000 
000 000 000 000 000 000 000 000 000 000 068 032 000 000 000 000 000 000 000 000 
000 000 000 000 000 000 000 000 000 004 095 001 000 000 000 000 000 000 000 000 
000 000 000 000 000 000 000 000 000 004 087 009 000 000 000 000 000 000 000 000 
000 000 000 000 000 000 000 000 000 013 086 001 000 000 000 000 000 000 000 000 
000 000 000 000 000 000 000 000 000 003 084 013 000 000 000 000 000 000 000 000 
000 000 000 000 000 000 000 000 000 013 084 003 000 000 000 000 000 000 000 000 
000 000 000 000 000 000 000 000 000 008 090 002 000 000 000 000 000 000 000 000 
000 000 000 000 000 000 000 000 000 000 081 019 000 000 000 000 000 000 000 000 
000 000 000 000 000 000 000 000 000 003 089 008 000 000 000 000 000 000 000 000 
000 000 000 000 000 000 000 000 000 007 088 005 000 000 000 000 000 000 000 000 
000 000 000 000 000 000 000 000 000 000 067 033 000 000 000 000 000 000 000 000 
000 000 000 000 000 000 000 000 000 003 084 013 000 000 000 000 000 000 000 000 
000 000 000 000 000 000 000 000 000 003 093 004 000 000 000 000 000 000 000 000 
000 000 000 000 000 000 000 000 000 000 084 016 000 000 000 000 000 000 000 000 
000 000 000 000 000 000 000 000 000 000 067 033 000 000 000 000 000 000 000 000 
000 000 000 000 000 000 000 000 000 001 071 028 000 000 000 000 000 000 000 000 
000 000 000 000 000 000 000 000 000 004 087 009 000 000 000 000 000 000 000 000 
000 000 000 000 000 000 000 000 000 000 079 021 000 000 000 000 000 000 000 000 
000 000 000 000 000 000 000 000 000 002 091 007 000 000 000 000 000 000 000 000 
000 000 000 000 000 000 000 000 000 002 095 003 000 000 000 000 000 000 000 000 
000 000 000 000 000 000 000 000 000 000 068 032 000 000 000 000 000 000 000 000 
000 000 000 000 000 000 000 000 000 002 089 009 000 000 000 000 000 000 000 000 
000 000 000 000 000 000 000 000 000 016 083 001 000 000 000 000 000 000 000 000 
000 000 000 000 000 000 000 000 000 003 086 011 000 000 000 000 000 000 000 000 
000 000 000 000 000 000 000 000 000 006 090 004 000 000 000 000 000 000 000 000 
000 000 000 000 000 000 000 000 000 001 091 008 000 000 000 000 000 000 000 000 
000 000 000 000 000 000 000 000 000 000 073 027 000 000 000 000 000 000 000 000 
000 000 000 000 000 000 000 000 000 058 042 000 000 000 000 000 000 000 000 000 
000 000 000 000 000 000 000 000 000 020 080 000 000 000 000 000 000 000 000 000 
000 000 000 000 000 000 000 000 000 007 090 003 000 000 000 000 000 000 000 000 
000 000 000 000 000 000 000 000 000 001 094 005 000 000 000 000 000 000 000 000 
000 000 000 000 000 000 000 000 000 009 090 001 000 000 000 000 000 000 000 000 
000 000 000 000 000 000 000 000 000 000 097 003 000 000 000 000 000 000 000 000 
000 000 000 000 000 000 000 000 000 006 087 007 000 000 000 000 000 000 000 000 
000 000 000 000 000 000 000 000 000 002 082 016 000 000 000 000 000 000 000 000 
000 000 000 000 000 000 000 000 000 003 095 002 000 000 000 000 000 000 000 000 
000 000 000 000 000 000 000 000 000 001 076 023 000 000 000 000 000 000 000 000 
000 000 000 000 000 000 000 000 000 002 085 013 000 000 000 000 000 000 000 000 
000 000 000 000 000 000 000 000 000 003 089 008 000 000 000 000 000 000 000 000 
000 000 000 000 000 000 000 000 000 000 083 017 000 000 000 000 000 000 000 000 
000 000 000 000 000 000 000 000 000 001 087 012 000 000 000 000 000 000 000 000 
000 000 000 000 000 000 000 000 000 002 086 012 000 000 000 000 000 000 000 000 
000 000 000 000 000 000 000 000 000 000 084 016 000 000 000 000 000 000 000 000 
000 000 000 000 000 000 000 000 000 001 097 002 000 000 000 000 000 000 000 000 
000 000 000 000 000 000 000 000 000 003 092 005 000 000 000 000 000 000 000 000 
000 000 000 000 000 000 000 000 000 009 086 005 000 000 000 000 000 000 000 000 
000 000 000 000 000 000 000 000 000 001 076 023 000 000 000 000 000 000 000 000 
000 000 000 000 000 000 000 000 000 001 086 013 000 000 000 000 000 000 000 000 
000 000 000 000 000 000 000 000 000 013 086 001 000 000 000 000 000 000 000 000 
000 000 000 000 000 000 000 000 000 002 064 034 000 000 000 000 000 000 000 000 
000 000 000 000 000 000 000 000 000 000 093 007 000 000 000 000 000 000 000 000 
000 000 000 000 000 000 000 000 000 004 088 008 000 000 000 000 000 000 000 000 
000 000 000 000 000 000 000 000 000 002 093 005 000 000 000 000 000 000 000 000 
000 000 000 000 000 000 000 000 000 013 085 002 000 000 000 000 000 000 000 000 
000 000 000 000 000 000 000 000 000 001 084 015 000 000 000 000 000 000 000 000 
000 000 000 000 000 000 000 000 000 002 082 016 000 000 000 000 000 000 000 000 
000 000 000 000 000 000 000 000 000 007 089 004 000 000 000 000 000 000 000 000 
000 000 000 000 000 000 000 000 000 000 093 007 000 000 000 000 000 000 000 000 
000 000 000 000 000 000 000 000 000 002 085 013 000 000 000 000 000 000 000 000 
000 000 000 000 000 000 000 000 000 006 085 009 000 000 000 000 000 000 000 000 
000 000 000 000 000 000 000 000 000 008 090 002 000 000 000 000 000 000 000 000 
000 000 000 000 000 000 000 000 000 006 089 005 000 000 000 000 000 000 000 000 
000 000 000 000 000 000 000 000 000 003 090 007 000 000 000 000 000 000 000 000 
000 000 000 000 000 000 000 000 000 000 058 042 000 000 000 000 000 000 000 000 
000 000 000 000 000 000 000 000 000 000 086 014 000 000 000 000 000 000 000 000 
000 000 000 000 000 000 000 000 000 000 082 018 000 000 000 000 000 000 000 000 
000 000 000 000 000 000 000 000 000 007 086 007 000 000 000 000 000 000 000 000 
000 000 000 000 000 000 000 000 000 001 083 016 000 000 000 000 000 000 000 000 
000 000 000 000 000 000 000 000 000 000 066 034 000 000 000 000 000 000 000 000 
000 000 000 000 000 000 000 000 000 000 091 009 000 000 000 000 000 000 000 000 
000 000 000 000 000 000 000 000 000 002 087 011 000 000 000 000 000 000 000 000 
000 000 000 000 000 000 000 000 000 003 086 011 000 000 000 000 000 000 000 000 
000 000 000 000 000 000 000 000 000 007 090 003 000 000 000 000 000 000 000 000 
000 000 000 000 000 000 000 000 000 008 092 000 000 000 000 000 000 000 000 000 
000 000 000 000 000 000 000 000 000 007 087 006 000 000 000 000 000 000 000 000 
000 000 000 000 000 000 000 000 000 002 094 004 000 000 000 000 000 000 000 000 
000 000 000 000 000 000 000 000 000 003 094 003 000 000 000 000 000 000 000 000 
000 000 000 000 000 000 000 000 000 002 078 020 000 000 000 000 000 000 000 000 
000 000 000 000 000 000 000 000 000 029 071 000 000 000 000 000 000 000 000 000 
000 000 000 000 000 000 000 000 000 006 091 003 000 000 000 000 000 000 000 000 
000 000 000 000 000 000 000 000 000 002 081 017 000 000 000 000 000 000 000 000 
000 000 000 000 000 000 000 000 000 010 089 001 000 000 000 000 000 000 000 000 
000 000 000 000 000 000 000 000 000 007 090 003 000 000 000 000 000 000 000 000 
000 000 000 000 000 000 000 000 000 006 087 007 000 000 000 000 000 000 000 000 
000 000 000 000 000 000 000 000 000 003 090 007 000 000 000 000 000 000 000 000 
000 000 000 000 000 000 000 000 000 000 084 016 000 000 000 000 000 000 000 000 
000 000 000 000 000 000 000 000 000 003 092 005 000 000 000 000 000 000 000 000 
000 000 000 000 000 000 000 000 000 010 090 000 000 000 000 000 000 000 000 000 
000 000 000 000 000 000 000 000 000 009 090 001 000 000 000 000 000 000 000 000 
000 000 000 000 000 000 000 000 000 000 062 038 000 000 000 000 000 000 000 000 
000 000 000 000 000 000 000 000 000 001 094 005 000 000 000 000 000 000 000 000 
000 000 000 000 000 000 000 000 000 002 094 004 000 000 000 000 000 000 000 000 
000 000 000 000 000 000 000 000 000 000 062 038 000 000 000 000 000 000 000 000 
000 000 000 000 000 000 000 000 000 000 055 045 000 000 000 000 000 000 000 000 
000 000 000 000 000 000 000 000 000 000 087 013 000 000 000 000 000 000 000 000 
000 000 000 000 000 000 000 000 000 001 085 014 000 000 000 000 000 000 000 000 
000 000 000 000 000 000 000 000 000 003 085 012 000 000 000 000 000 000 000 000 
000 000 000 000 000 000 000 000 000 009 087 004 000 000 000 000 000 000 000 000 
000 000 000 000 000 000 000 000 000 001 067 032 000 000 000 000 000 000 000 000 
000 000 000 000 000 000 000 000 000 030 070 000 000 000 000 000 000 000 000 000 
000 000 000 000 000 000 000 000 000 023 076 001 000 000 000 000 000 000 000 000 
000 000 000 000 000 000 000 000 000 004 083 013 000 000 000 000 000 000 000 000 
000 000 000 000 000 000 000 000 000 001 091 008 000 000 000 000 000 000 000 000 
000 000 000 000 000 000 000 000 000 003 092 005 000 000 000 000 000 000 000 000 
000 000 000 000 000 000 000 000 000 000 077 023 000 000 000 000 000 000 000 000 
000 000 000 000 000 000 000 000 000 006 094 000 000 000 000 000 000 000 000 000 
000 000 000 000 000 000 000 000 000 000 074 026 000 000 000 000 000 000 000 000 
000 000 000 000 000 000 000 000 000 016 081 003 000 000 000 000 000 000 000 000 
000 000 000 000 000 000 000 000 000 000 085 015 000 000 000 000 000 000 000 000 
000 000 000 000 000 000 000 000 000 003 094 003 000 000 000 000 000 000 000 000 
000 000 000 000 000 000 000 000 000 000 078 022 000 000 000 000 000 000 000 000 
000 000 000 000 000 000 000 000 000 010 086 004 000 000 000 000 000 000 000 000 
000 000 000 000 000 000 000 000 000 002 073 025 000 000 000 000 000 000 000 000 
000 000 000 000 000 000 000 000 000 001 093 006 000 000 000 000 000 000 000 000 
000 000 000 000 000 000 000 000 000 000 061 039 000 000 000 000 000 000 000 000 
000 000 000 000 000 000 000 000 000 000 060 040 000 000 000 000 000 000 000 000 
000 000 000 000 000 000 000 000 000 000 067 033 000 000 000 000 000 000 000 000 
