length_avg = 6
runs = 100, Average = 0.476953, std_dev = 0.0293021
-15.03
-7.92
-8.53
2.7
8.86
5.94
4.03
4.78
-3.96
5.94
-3.92
5.83
4.86
0
-7.53
2.76
2.93
5.99
-4.12
3.56
-9.86
-10.2
4.06
-2.96
-9.01001
2.46
4.31
-3.78
-1.04
6.56
5.39
-0.05
5.96
6.04
5.54
5.94
-2.98
4.02
5.67
-2.01
5.99
5.61
-0.999999
-2.02
-3.31
-0.13
-1.94
5.91
-3.56
5.93
-4.13
3.48
-7.85
-2.26
5.99
6.06
5.07
6
-2.1
6.13
-2.12
2.14
5.94
5.99
-3.13
-2.06
2.04
-1.99
6.15
5.03
-8.97001
3.02
6.47
4.68
-12.71
-2.03
-1.92
-3.13
-2.35
-0.79
-1.7
3.65
-7.99
-2.87
-2.1
3.54
-3.9
6.64
5.88
0.64
-3.01
5.02
3.05
-1.92
-2.25
-0.63
-3.63
5.84
6.05
-6.97001
-3.91
-3.66
2.99
-1.96
-3.76
-1.24
-2.99
6.02
-1.85
-3.88
-7.99999
3.33
6
1.41
-1.79
3.01
7.94
-12.57
-2.33
-5.83
-4
5.96
0.58
-3.75
6.67
-5.12
0.63
6.07
