length_avg = 6
runs = 100, Average = 0.0383594, std_dev = 0.030199
-0.03
0.06
0.14
0.01
0.15
0.4
-0.03
0
0.24
-0.03
0.52
0.03
0.17
0.1
0.23
0.01
0.05
-0.01
0.33
-0.02
0.24
0.16
0.16
0.12
0.21
-0.2
0.19
0.66
-0.02
-0.03
0.03
0.04
0.12
-0.06
-0.38
-0.11
0.23
0.13
-0.05
-0.05
0.06
-0.01
0.13
0.05
0.04
0.07
-0.04
0.01
0.55
-0.3
0.28
0.11
0.08
0.06
-0.01
0.01
-0.06
0.1
0.07
-0.01
-0.09
0.12
-0.08
0.06
0.37
0.02
-0.01
0.29
0.06
0.07
0.36
-0.28
-0.01
0.07
0.07
0.34
0.05
0.32
0.04
-0.01
0.16
-0.18
0.26
0.03
0.4
-0.06
0.12
-0.1
-0.07
-0.1
0.44
0.18
-0.24
0.13
0.12
0.09
0.3
0.03
-0.01
0.11
0.25
0.25
0.08
0.02
0.21
0.24
0.07
0.04
0.05
0.14
0.03
0.06
0.01
-0.06
-0.07
0.11
0.18
0.41
-0.09
0.31
0.3
0
-0.05
0.23
-0.04
0.08
0.05
0.03
