length_avg = 6
runs = 10, Average = -5.03047, std_dev = 0.0216647
-13
-8
-8.2
-10
-5.8
-11.5
-9.1
-10.4
-8
-9.7
-6.9
-9.9
-12.3
-11
-8.4
-10
-12
-10.9
-8
-10.6
-8.4
-9.9
-11.8
-8.9
-8
-9.5
-11.7
-8
-9.4
-10.4
-13.9
-11
-10
-10.3
-9.6
-11
-7.9
-11
-10.4
-9.6
-9.1
-10
-12
-10.1
-10.2
-15.9
-9.8
-12
-7.5
-10
-6
-12
-8
-10
-12
-10.2
-10.1
-10.4
-9.7
-9.7
-10.8
-11
-11
-12
-10
-9.6
-10.3
-9.5
-11.1
-9.1
-8.8
-11.1
-10
-11.5
-11
-9.3
-10
-7.5
-10.9
-11
-8.1
-10.4
-8
-9.8
-10
-10
-9.9
-10
-12
-10
-9
-8
-12
-8.8
-9.5
-11
-8.2
-10.2
-9.9
-7.8
-8
-8
-13
-9
-8
-10
-8
-10.6
-9
-9
-8.9
-9.8
-10.8
-9.3
-10.9
-9.6
-6
-10.9
-9.1
-8.1
-6.9
-9.9
-10.1
-6.6
-10.7
-8
-10
-9.6
